[  8.47156931e-01   6.92176368e-01   6.63366484e-01   8.71342745e-01
   4.32969951e-01   1.06457143e+03   5.13157143e+03]
[  8.49619683e-01   7.14044340e-01   6.82539333e-01   8.70635243e-01
   4.38441894e-01   1.06457143e+03   5.13157143e+03]
[  8.57185803e-01   7.12683092e-01   6.85197099e-01   8.83358737e-01
   4.82747393e-01   1.06457143e+03   5.13157143e+03]
[  8.61009032e-01   7.33116399e-01   7.08775031e-01   8.83923656e-01
   4.97293763e-01   1.06457143e+03   5.13157143e+03]
[  8.67835899e-01   7.51077634e-01   7.33776634e-01   8.86451554e-01
   5.19056019e-01   1.06457143e+03   5.13157143e+03]
[  8.69940486e-01   7.56976209e-01   7.44300128e-01   8.88789496e-01
   5.28811837e-01   1.06457143e+03   5.13157143e+03]
[  8.70567728e-01   7.44487121e-01   7.20154108e-01   8.97595745e-01
   5.45272418e-01   1.06457143e+03   5.13157143e+03]
[  8.75153138e-01   7.68786432e-01   7.49767186e-01   8.94023890e-01
   5.50199807e-01   1.06457143e+03   5.13157143e+03]
[  8.75079978e-01   7.65567108e-01   7.41266312e-01   8.96799432e-01
   5.56270785e-01   1.06457143e+03   5.13157143e+03]
[  8.74219289e-01   7.70134606e-01   7.47059741e-01   8.93663322e-01
   5.48970397e-01   1.06457143e+03   5.13157143e+03]
[  8.73009457e-01   7.68777381e-01   7.38411543e-01   8.94170141e-01
   5.46018015e-01   1.06457143e+03   5.13157143e+03]
